Comment="Protocol name: QUICK; Date and time: 05/10/2021  19:11; Wavelength(s): 405"
ListSeparator=,
DecimalSeparator=.

0.067,0.071,0.069,0.076,0.079,0.073,0.070,0.068,0.075,0.065,0.068,0.071,
0.065,0.068,0.067,0.073,0.075,0.071,0.073,0.072,0.071,0.066,0.065,0.066,
0.071,0.075,0.073,0.067,0.066,0.065,0.067,0.067,0.066,0.068,0.071,0.073,
0.066,0.067,0.069,0.065,0.065,0.066,0.066,0.066,0.364,0.069,0.070,0.067,
0.067,0.066,0.068,0.066,0.066,0.067,0.098,0.051,0.081,0.046,0.045,0.048,
0.056,0.047,0.053,0.046,0.045,0.045,0.045,0.046,0.045,0.046,0.045,0.045,
0.046,0.045,0.049,0.045,0.046,0.046,0.046,0.046,0.046,0.047,0.045,0.047,
0.064,0.057,0.179,0.154,0.514,0.512,0.046,0.046,0.046,0.046,0.366,0.062,
