Comment="Protocol name: QUICK; Date and time: 05/10/2021  19:16; Wavelength(s): 405"
ListSeparator=,
DecimalSeparator=.

0.069,0.074,0.072,0.079,0.083,0.077,0.070,0.068,0.076,0.065,0.068,0.071,
0.065,0.068,0.067,0.076,0.079,0.075,0.080,0.076,0.075,0.066,0.066,0.066,
0.071,0.075,0.074,0.068,0.066,0.066,0.068,0.067,0.067,0.069,0.073,0.074,
0.065,0.067,0.069,0.066,0.065,0.066,0.066,0.066,0.363,0.069,0.071,0.067,
0.067,0.066,0.068,0.066,0.066,0.067,0.096,0.051,0.068,0.046,0.045,0.048,
0.056,0.047,0.053,0.046,0.045,0.045,0.045,0.046,0.045,0.046,0.045,0.045,
0.046,0.045,0.049,0.045,0.046,0.046,0.046,0.046,0.046,0.047,0.045,0.047,
0.067,0.057,0.180,0.156,0.526,0.525,0.046,0.046,0.046,0.046,0.386,0.062,
